%YAML:1.0
---
width: 4000
height: 2256
K: !!opencv-matrix
   rows: 3
   cols: 3
   dt: d
   data: [ 2.8509662154454581e+03, 0., 2.0125664568187246e+03, 0.,
       2.8517990282171077e+03, 1.1109338209290042e+03, 0., 0., 1. ]
D: !!opencv-matrix
   rows: 8
   cols: 1
   dt: d
   data: [ 2.5130661488620964e-01, -1.3693071204706728e+00,
       -2.9865453186100950e-05, -2.4031147133747816e-04,
       2.2903982128673990e+00, 0., 0., 0. ]
